13 3
82 15 4 95 36 32 29 18 95 14 87 95 70
0 12 76 55 5 4 12 28 30 65 78 4 72 26
92 0 84 90 70 54 29 58 76 36 1 98 21 90
55 44 0 36 20 28 98 44 14 12 49 13 46 45
78 34 6 0 94 59 69 16 49 11 71 38 81 80
47 74 25 91 0 9 6 85 30 99 38 11 30 13
49 36 59 82 47 0 21 48 46 27 86 35 90 88
83 10 78 82 22 69 0 94 32 21 60 49 35 82
89 72 29 88 42 99 100 0 8 30 5 41 52 35
9 28 73 92 41 28 84 64 0 51 83 59 19 34
18 32 96 72 69 34 96 75 55 0 75 52 47 29
18 66 64 12 97 7 15 20 81 21 0 88 55 77
9 50 49 77 60 68 33 71 2 88 93 0 15 88
69 97 35 99 83 44 15 38 56 21 59 1 0 93
93 34 65 98 23 65 14 81 39 82 65 78 26 0
