15 4
67 64 69 78 70 88 84 39 13 79 69 2 1 44 51 0 0 0 0 0 0 0 0
0 37 66 11 46 70 82 51 77 9 76 59 42 84 97 11
32 0 63 7 8 60 16 63 6 90 33 54 74 91 37 5
71 36 0 70 38 91 15 32 4 88 15 7 20 2 49 8
71 12 81 0 77 3 76 45 31 64 81 77 75 21 37 77
1 93 51 40 0 31 18 71 22 19 77 78 53 38 28 10
5 49 52 30 99 0 5 53 33 9 46 23 45 63 41 66
3 44 73 24 95 90 0 59 96 38 30 95 51 17 62 2
15 6 35 25 82 46 62 0 41 100 49 54 12 74 92 25
65 37 31 30 17 77 31 58 0 98 95 44 52 45 20 94
47 54 7 70 2 50 44 48 10 0 85 13 26 92 93 64
84 25 39 22 29 97 6 18 94 57 0 25 33 68 77 44
68 95 4 76 46 91 93 97 90 25 51 0 48 4 97 37
57 76 13 93 58 87 34 62 27 75 31 4 0 64 61 11
89 53 38 45 61 45 56 33 10 2 32 79 59 0 37 59
3 82 21 59 9 83 51 56 91 72 79 94 24 79 0 57
54 69 95 87 100 34 87 29 11 7 26 47 82 5 19 0
