20 4
82 15 4 95 36 32 29 18 95 14 87 95 70 12 76 55 5 4 12 28
0 30 65 78 4 72 26 92 84 90 70 54 29 58 76 36 1 98 21 90 55
44 0 36 20 28 98 44 14 12 49 13 46 45 78 34 6 94 59 69 16 49
11 71 0 38 81 80 47 74 25 91 9 6 85 30 99 38 11 30 13 49 36
59 82 47 0 21 48 46 27 86 35 90 88 83 10 78 82 22 69 94 32 21
60 49 35 82 0 89 72 29 88 42 99 100 8 30 5 41 52 35 9 28 73
92 41 28 84 64 0 51 83 59 19 34 18 32 96 72 69 34 96 75 55 75
52 47 29 18 66 64 0 12 97 7 15 20 81 21 88 55 77 9 50 49 77
60 68 33 71 2 88 93 0 15 88 69 97 35 99 83 44 15 38 56 21 59
1 93 93 34 65 98 23 65 0 14 81 39 82 65 78 26 20 48 98 21 70
100 68 1 77 42 63 3 15 47 0 40 31 8 31 73 11 11 94 63 9 98
69 99 17 17 85 61 71 22 34 68 0 78 55 28 70 97 94 89 26 92 40
52 86 84 48 57 67 58 16 32 29 9 0 44 3 76 71 30 76 29 1 10
91 81 8 30 9 5 43 10 66 31 36 86 0 63 28 70 17 93 74 74 61
32 61 53 25 13 13 85 56 46 55 53 60 94 0 7 87 84 83 13 8 52
94 44 14 32 25 25 69 58 18 55 24 36 60 32 0 10 57 71 13 7 84
70 2 12 97 31 22 53 63 62 28 52 8 22 49 1 0 50 34 59 37 55
90 94 72 85 92 63 20 25 38 28 8 75 95 70 8 96 0 41 8 7 75
62 65 68 21 8 66 11 24 9 77 9 87 31 52 16 73 32 0 75 77 6
80 11 54 85 75 73 67 41 34 27 86 92 41 31 34 51 17 86 0 83 39
59 41 97 10 2 59 80 73 13 10 69 28 65 34 17 45 9 32 48 0 37
21 57 70 91 39 79 84 68 2 86 71 39 85 14 18 34 15 14 96 71 0
